100000 232 445 554 438 167 677 587 213 936 748 192 552 951 705 468 865 763 196 19
533 100000 953 397 267 773 707 866 778 19 918 58 393 249 223 657 549 32 182 38
551 172 100000 902 534 660 801 341 803 626 915 867 556 251 489 377 430 226 252 64
476 188 604 100000 523 108 900 710 896 97 50 31 46 784 111 662 701 305 786 66
708 722 262 219 100000 543 685 178 436 211 719 675 166 11 540 318 706 140 4 77
731 97 669 82 556 100000 12 429 262 628 124 916 317 22 421 837 140 561 857 42
179 905 830 429 484 497 100000 662 664 382 833 677 885 745 42 145 894 364 282 25
828 139 828 63 310 526 127 100000 840 620 182 215 12 819 205 191 772 882 739 72
425 429 991 552 438 660 889 883 100000 85 736 660 144 846 168 446 184 220 474 21
278 633 347 130 636 918 579 502 30 100000 456 79 178 447 657 787 461 442 521 97
11 276 850 849 484 390 202 353 668 903 100000 391 129 865 742 682 814 672 217 73
823 815 883 601 734 57 777 458 326 749 83 100000 729 97 258 857 763 806 186 75
226 802 691 37 11 67 515 818 932 837 524 533 100000 19 563 412 45 655 171 3
532 321 907 723 509 257 809 971 809 300 250 207 999 100000 105 709 236 889 901 95
363 729 125 150 719 993 698 991 599 1 895 396 960 241 100000 992 235 40 453 57
807 918 816 4 749 684 839 191 138 711 714 776 57 138 11 100000 245 325 439 43
240 163 733 197 365 824 645 583 671 943 663 152 311 193 391 470 100000 173 270 41
635 711 224 911 201 65 918 139 755 475 10 435 421 154 580 813 227 100000 856 60
719 957 773 784 395 722 826 191 618 222 243 850 587 438 175 736 329 983 100000 11
100000 100000 100000 100000 100000 100000 100000 100000 100000 100000 100000 100000 100000 100000 100000 100000 100000 100000 100000 100000